name: mitsua
channels:
  - conda-forge
  - defaults
dependencies:
  - bzip2=1.0.8=h2bbff1b_6
  - ca-certificates=2024.12.14=h56e8100_0
  - cairo=1.18.2=h5782bbf_1
  - epoxy=1.5.10=h8d14728_1
  - font-ttf-dejavu-sans-mono=2.37=hab24e00_0
  - font-ttf-inconsolata=3.000=h77eed37_0
  - font-ttf-source-code-pro=2.038=h77eed37_0
  - font-ttf-ubuntu=0.83=h77eed37_3
  - fontconfig=2.15.0=h765892d_1
  - fonts-conda-ecosystem=1=0
  - fonts-conda-forge=1=0
  - freetype=2.12.1=hdaf720e_2
  - fribidi=1.0.10=h8d14728_0
  - gdk-pixbuf=2.42.12=hed59a49_0
  - glib-tools=2.82.2=h4394cf3_0
  - graphite2=1.3.13=h63175ca_1003
  - gtk4=4.12.1=h3e0c290_5
  - harfbuzz=10.1.0=ha6ce084_0
  - hicolor-icon-theme=0.17=h57928b3_2
  - icu=75.1=he0c23c2_0
  - lerc=4.0.0=h63175ca_0
  - libdeflate=1.23=h9062f6e_0
  - libexpat=2.6.4=he0c23c2_0
  - libffi=3.4.4=hd77b12b_1
  - libgirepository=1.82.0=h35b7f07_0
  - libglib=2.82.2=h7025463_0
  - libgraphene=1.10.8=h1d85db8_0
  - libiconv=1.17=hcfcfb64_2
  - libintl=0.22.5=h5728263_3
  - libjpeg-turbo=3.0.0=hcfcfb64_1
  - liblzma=5.6.3=h2466b09_1
  - libpng=1.6.45=had7236b_0
  - libsqlite=3.47.2=h67fdade_0
  - libtiff=4.7.0=h797046b_3
  - libzlib=1.3.1=h2466b09_2
  - openssl=3.4.0=ha4e3fda_1
  - pango=1.56.0=h286b592_0
  - pcre2=10.44=h3d7b363_2
  - pip=24.2=py310haa95532_0
  - pixman=0.44.2=had0cd8c_0
  - pycairo=1.27.0=py310hb6096a9_0
  - pygobject=3.50.0=py310h578ce51_1
  - python=3.10.16=h37870fc_1_cpython
  - python_abi=3.10=5_cp310
  - setuptools=75.1.0=py310haa95532_0
  - sqlite=3.45.3=h2bbff1b_0
  - tk=8.6.13=h5226925_1
  - tzdata=2024b=h04d1e81_0
  - ucrt=10.0.22621.0=h57928b3_1
  - vc=14.40=haa95532_2
  - vc14_runtime=14.42.34433=he29a5d6_23
  - vs2015_runtime=14.42.34433=hdffcdeb_23
  - wheel=0.44.0=py310haa95532_0
  - xz=5.4.6=h8cc25b3_1
  - zstd=1.5.6=h0ea2cb4_0
  - pip:
      - accelerate==1.2.1
      - certifi==2024.12.14
      - charset-normalizer==3.4.1
      - colorama==0.4.6
      - diffusers==0.32.1
      - filelock==3.16.1
      - fsspec==2024.12.0
      - huggingface-hub==0.27.1
      - idna==3.10
      - importlib-metadata==8.5.0
      - jinja2==3.1.5
      - markupsafe==3.0.2
      - mpmath==1.3.0
      - networkx==3.4.2
      - numpy==2.2.1
      - opencv-contrib-python==4.10.0.84
      - packaging==24.2
      - pillow==11.1.0
      - protobuf==5.29.3
      - psutil==6.1.1
      - pyyaml==6.0.2
      - regex==2024.11.6
      - requests==2.32.3
      - safetensors==0.5.2
      - sentencepiece==0.2.0
      - sympy==1.13.1
      - tokenizers==0.21.0
      - torch==2.5.1+cu124
      - torchvision==0.20.1+cu124
      - tqdm==4.67.1
      - transformers==4.47.1
      - typing-extensions==4.12.2
      - urllib3==2.3.0
      - zipp==3.21.0
prefix: C:\Users\yoshi\miniconda3\envs\mitsua